name = mslquad
train = MSLQUAD/mslquadtrain.txt
valid = MSLQUAD/mslquadtest.txt
backup = backup/mslquad
diam = 0.311
box_length = 0.27
box_width = 0.27
box_height = 0.13
width = 640
height = 480
fx = 483.504261833
fy = 483.894482469
u0 = 318.291045655
v0 = 248.024962884
gpus = 0
num_workers = 4
